0 0.18768133614011706 0.08434645619698307 0.02569385080387382 0.03410037328488891
0 0.18470625867861587 0.1547084940312961 0.02244831175496348 0.030738364651167444
0 0.13213256540964194 0.2745049446992608 0.10253667003336586 0.24395867313952338
0 0.15339758366851936 0.42694781288458905 0.02057440252081999 0.044626260739625445
0 0.12029216544066682 0.5248750876314863 0.06850164639591973 0.1261814784907252
0 0.11929385213100693 0.7150669329583473 0.07843386034866758 0.13640149313955585
0 0.11835960632013798 0.8729409023332106 0.08127404923390748 0.1230693946017577
0 0.22449013474945126 0.909177250582989 0.09590230495428759 0.14020164276747238
0 0.326923814509415 0.8978724062005348 0.0984566036334576 0.1336039184019443
0 0.4402663279389373 0.8933922456325918 0.09822439466262406 0.15092294486145585
0 0.5003322045950162 0.7961337402719402 0.04984164909713357 0.0828444547035152
0 0.5722460711854827 0.7652973641053552 0.09229959854858494 0.16670308905147224
0 0.5978386945286749 0.646110921950579 0.028585267896185096 0.052281667907449036
0 0.6226320807481025 0.5723682811699821 0.07316754087459221 0.11895614008709887
0 0.6558523390958411 0.4453908024648044 0.08127313979176931 0.11339838753251474
0 0.6978862388584339 0.33412406858456895 0.058284451679240346 0.10432651652991354
0 0.7240855676692741 0.2281613321927986 0.062232004183412015 0.11793432303381535
0 0.777696194856476 0.09783061725797522 0.09844801781694856 0.18587104875002916
0 0.7223868002312948 0.1554650509789145 0.0202846190556899 0.04274553834302994
0 0.658690956635102 0.03605302167794619 0.036226804891082987 0.060415884622681354
0 0.6230443104834955 0.056159753288758746 0.07113139748861952 0.11231950657751749
0 0.6522940345845814 0.11446596415012461 0.022292061200028246 0.04329756614877843
0 0.6360394066262274 0.17631963007695095 0.03668901739171315 0.0837086278876383
0 0.576837496937313 0.1343591596995543 0.08316414340213818 0.14152980379202207
0 0.519347132653638 0.13799530090369716 0.028666428218161233 0.04475250712791208
0 0.6123399326494121 0.26738807028105754 0.034336710722852604 0.07999510649114294
0 0.5188915418558926 0.23322976157091055 0.0674133586668848 0.12250998826265941
0 0.5643540332226191 0.3442961012083231 0.04002831493656156 0.08789251142443255
0 0.5681404954463478 0.4276258866298479 0.025423389216464698 0.052831564244194384
0 0.4577470156060016 0.3181670308775747 0.06432188492091478 0.11051188312259641
0 0.40366723661761855 0.2414767913845326 0.08330216892203357 0.12391403250001967
0 0.36242184453771553 0.20641584420429449 0.01758000318159797 0.05283156424419444
0 0.3342938394471588 0.19921153998917707 0.028398466677965972 0.04514697308140256
0 0.30640707922153904 0.17729540698162918 0.024648374712878285 0.04437862508423013
0 0.2871505364771029 0.22091412410208822 0.038855424026551066 0.05015392560889023
0 0.2697865994543337 0.3126239197530058 0.08086801463535082 0.14936924072676802
0 0.2498888942917448 0.46878014730182554 0.06004247240484245 0.14648751904072121
0 0.3287284470215267 0.3611958710227386 0.028398466677966028 0.06675988572675484
0 0.31723382955663565 0.44188407823205383 0.04111016128619838 0.10998571101745946
0 0.2291268373436654 0.586869639618131 0.026914490512452288 0.06266439522445422
0 0.3146266086936147 0.6029934206333541 0.07779000522926538 0.13813985390324612
0 0.24426729053102542 0.6520639956019698 0.029026121354203488 0.06144130815398097
0 0.27399003879772976 0.6902070895901796 0.04388749548755572 0.056905372652680475
0 0.3902106286999606 0.5889732563566068 0.0473706300500602 0.10102765434715011
0 0.37396731560499286 0.6995494182702544 0.06761539685230022 0.10037997206396965
0 0.3206863828853803 0.7307680698690966 0.04706031620920087 0.05427242508721808
0 0.4429070329446805 0.6680859164539603 0.06896770478934616 0.1032616937500167
0 0.492807195821678 0.581634265872551 0.05138770160774814 0.11670972828490256
0 0.4489654511438041 0.44628100521050623 0.08977947299094502 0.17229715244246246
0 0.5155912705739265 0.462224085874825 0.04788238559517066 0.10125254737690154
0 0.8398775636809981 0.5005535095833729 0.0359117891963775 0.0727228240828568