0 0.04025759614805394 0.049375266132676204 0.06709220796468277 0.09875053226535241
0 0.06253413915450196 0.14140956124666088 0.07894917216985928 0.1324095130731393
0 0.1386921789749218 0.13716112767212163 0.08094283813374467 0.15223553642098905
0 0.08185696614506192 0.27731103982306526 0.07627016764939387 0.14312551040699856
0 0.15420544077702247 0.28835763961957855 0.06301754986634318 0.10662370238373717
0 0.0967980251796939 0.4175751543790056 0.05134755823692591 0.11467829951527414
0 0.14783056772191477 0.3932409786282035 0.04000699322754353 0.10181195371599955
0 0.2730322026627148 0.07750975012456135 0.06085385716706962 0.06483873793605638
0 0.2819574350472183 0.15339508785713107 0.05760831811815925 0.07060218130815031
0 0.2946844926709573 0.2331376516825717 0.05410469020423486 0.07711090352210975
0 0.3119840609980624 0.31395977516029105 0.04876388387506142 0.10432651652991315
0 0.3521920323447236 0.4000809513405611 0.058215046145451865 0.1437386692719106
0 0.4021256080982327 0.39631164784722295 0.036324026628880846 0.09252142793172263
0 0.441384909606215 0.3295268143049584 0.0517342197441637 0.11141664912904625
0 0.4891856390869151 0.19773885751209205 0.06803722845425242 0.11587253416958748
0 0.5238492716131559 0.0635947948657303 0.07150856269805045 0.11355948683707652
0 0.7083266186313826 0.0639334481772333 0.047601239384018945 0.0922150939535026
0 0.7848672478681857 0.0634531612295588 0.05571508700629502 0.07396418994187186
0 0.6987978385184233 0.1725318998087145 0.057604769502366704 0.09773390274477757
0 0.6784839905453437 0.279524664867426 0.057604769502366815 0.10946197107415084
0 0.7478298595641163 0.266493477834789 0.047331307425511504 0.0768840034925583
0 0.659124175321635 0.40948786482670557 0.06384222862045741 0.11206820848067822
0 0.732689501979116 0.3589920150752372 0.05760476950236659 0.07492932543766273
0 0.7140209253172132 0.45866616324357035 0.0456772757322349 0.08447035720393387
0 0.6453646379798745 0.516255637293833 0.0539356759034898 0.09512766533825034
0 0.7093903212802757 0.5498109439028733 0.0543025852633775 0.08535427506377247
0 0.6259184419058271 0.6091028449013718 0.0510004010243883 0.10229481820620057
0 0.7024190434424096 0.6312558628568548 0.0660436847797835 0.05798878229523474
0 0.6160500449599013 0.7107547705432022 0.060798029078078186 0.11467829951527453
0 0.692598858773233 0.7367671653113009 0.07969897076038224 0.09509907764681302
0 0.9477242458335673 0.1840973665931815 0.09385017083099234 0.1623369883139789
0 0.9391269246654974 0.33191068978102317 0.12008581495688342 0.1290118202719488
0 0.9254688814118338 0.4994754108346303 0.11117353604596913 0.17657258429223188
0 0.899449785524988 0.698926975107018 0.10750444244709212 0.19090689002813266