0 0.08705958915949785 0.10703497341243648 0.033310145087498105 0.06452979373221306
0 0.12169456956297599 0.09930484187159846 0.02788462903157987 0.053102642758800334
0 0.1494530238025577 0.14176454990025947 0.02813697861557604 0.04884546886674461
0 0.17073973515715102 0.18766967930843742 0.028646404223499344 0.05153107293617076
0 0.195391808085421 0.22674145557038855 0.028363283475130424 0.055065152140707396
0 0.2202717262097998 0.2722609548907355 0.028263153407574154 0.05086202492087624
0 0.24960736534935776 0.3242432887305738 0.02737992986358745 0.05310264275880039
0 0.06754397882909977 0.14374396745926932 0.032498794607787165 0.05598016562850798
0 0.05743960508094061 0.20070012321339287 0.03325709981530221 0.05848099776998772
0 0.05603438824792586 0.2651829714171955 0.03178160841792001 0.06324451270511197
0 0.12454745228486155 0.31403830606967986 0.031064607177431106 0.058633111834425045
0 0.12283689813992185 0.350418785154087 0.03358208776138015 0.05905811287956009
0 0.12695341212357492 0.3840838332124681 0.030332208300601418 0.055595422222126545
0 0.1217959938856063 0.4204027698291355 0.032931620711503864 0.059152310921195383
0 0.12394096534957397 0.45826921129005227 0.030660474455538086 0.05377482811017764
0 0.054718788683774125 0.38291969780279445 0.0325801412927422 0.0510493824525568
0 0.0554433142206686 0.444242888771086 0.03337867416756433 0.05743055525912644
0 0.23142711888123024 0.4267727315880324 0.0269904111689874 0.05019855941168089
0 0.2095427829687048 0.46912238076412704 0.05791422952712755 0.10777371800414787
0 0.17471847049414196 0.9420929402929291 0.04484833655874651 0.09734008181451936
0 0.2042715560282194 0.9361806598526621 0.04873609030231729 0.09777690762247837
0 0.23334468391939964 0.9541505527618748 0.045759840512862804 0.08935355916175802
0 0.26224667478579666 0.9325277408438035 0.04873609030231732 0.09909821718494416
0 0.2876843097050405 0.9440066176677262 0.046782926377987755 0.09232650567730638
0 0.3192060549338441 0.9404279691260816 0.04863986259632169 0.1000332856591899
0 0.3486174640538916 0.9500465542856191 0.04939816780383677 0.09426213456346744
0 0.3770481532584115 0.9406903483078186 0.04857729491926832 0.09410594919281101
0 0.593905315207661 0.8202839660385304 0.06037433241674306 0.09649171884584906
0 0.6438302439368908 0.6394650826457748 0.05015713770006347 0.07958505015918316
0 0.6922344940383669 0.4807706065515374 0.04239473011136152 0.07080352367840093
0 0.7174624749279623 0.39010685318589094 0.03718088455548196 0.058718764131086454
0 0.7383785697526414 0.30521251441895636 0.03672363790679967 0.05963522798913262
0 0.4915906399383797 0.36010658035163345 0.028641677783568686 0.06811478227289208
0 0.5348568614080083 0.2919628570959715 0.02826315340757435 0.05377482811017803
0 0.5925576020169836 0.3667888741002879 0.03280544591950607 0.052878580975008305
0 0.615647588952636 0.30898093388184655 0.03028195007954404 0.05108608670466913
0 0.6995423838003876 0.019589187526662586 0.02308998693565234 0.03917837505332517
0 0.7259760027239894 0.05340629832414312 0.027506104655585895 0.055343260596724925