0 0.13674335388208908 0.12705352220542315 0.09868881260429094 0.1867980710990144
0 0.24007675336502904 0.14067467276441806 0.09639480257975055 0.20306450109290014
0 0.3418268227547657 0.10683058924893471 0.07308364117157562 0.148802086200307
0 0.4289286623407168 0.10151622902749517 0.07276862547687063 0.14488624182661472
0 0.5893693516695426 0.0609883691190382 0.022080588599667328 0.05332670454259284
0 0.6790694238594907 0.05895314098037439 0.022080588599667328 0.05489513702913969
0 0.6820594877513886 0.13327933720853993 0.023963697637520265 0.0534975206494826
0 0.6803960227170469 0.21776483705423735 0.030702455843834353 0.08001216565382224
0 0.7713071906702184 0.12996387651375985 0.023126525181069946 0.05310541968174044
0 0.7707090908810528 0.20395742793698485 0.021930325602738776 0.05452156420658688
0 0.7709999156545069 0.05702400156059691 0.022119360632572582 0.0526092246941626