0 0.13390462377568155 0.4243362228439955 0.07024849991922992 0.08167332550843909
0 0.1942301293117019 0.33986586564006194 0.06300313894101339 0.10181195371599949
0 0.23864734226511633 0.41790304994435823 0.06552326449865392 0.0721634177437579
0 0.21628122794105656 0.4948214215704567 0.0617430761621931 0.07943570015204354
0 0.14997042420563997 0.5032125166569401 0.06583828019335898 0.07719807479564794
0 0.2466802424800955 0.5583140410581816 0.05701784074161706 0.09789610934230719
0 0.19795733749990438 0.6481838907092458 0.05026658230461284 0.09643078404151373
0 0.5764619914234548 0.4721235567324965 0.04347216586929925 0.13649514674013125
0 0.6172715797516561 0.5820399674674963 0.06850164639591971 0.07339968356650017
0 0.5842979058932812 0.6214201347742421 0.04620958519589147 0.11422310307820538
0 0.6276048789537525 0.6610064809674108 0.047835047991727 0.10680066316698622
0 0.681361255701737 0.6362650145966804 0.06292863109591262 0.07711090352210981
0 0.5894190674269701 0.7383751427672038 0.04158207170106898 0.1219505819235599