0 0.07297440064467475 0.852601275638211 0.049887140429796174 0.09935546411055829
0 0.1366538666418904 0.7876380901144099 0.05556058291482144 0.10074505621084184
0 0.06945295693044866 0.7355285785097008 0.0506696867942532 0.10560860205756895
0 0.06205788441065412 0.6229744524821983 0.04979845707485718 0.1042195113971075
0 0.0451452891434099 0.5174092597247273 0.04971082533373456 0.1050869883605019
0 0.08675692604558735 0.4106324575734329 0.0479307819815689 0.07955383631611535
0 0.12914556448454254 0.32869412742845006 0.043431166506144425 0.08268040528962067
0 0.23724214367208685 0.5752143640770921 0.0633798510946936 0.07292494616191803
0 0.2616353179981759 0.4664012989961533 0.05425103541319129 0.07308192030982485
0 0.2887612972004412 0.3545308045455835 0.05510604079709547 0.07334112407918864
0 0.3874172700192286 0.6845992589213444 0.07015219041915166 0.0970470985327001
0 0.7779347640628897 0.7521211897432616 0.04769657532785365 0.08010262089445253
0 0.8243765126329561 0.3817625767128524 0.05117768708423365 0.09609797463223607
0 0.49964062391303327 0.39610202374823567 0.040420826549028566 0.06775703831614904
0 0.4544117674672673 0.357662219377223 0.04075508205303113 0.06643811184115195
0 0.41218682438887677 0.32562955588645154 0.04316029899079493 0.0654889879406878
0 0.36959642604146736 0.2897983566264267 0.04216551234804866 0.0674195807899825
0 0.4171555643829327 0.10500839336063325 0.040755087150352476 0.06335347839902407
0 0.45864557057699196 0.13549873786747244 0.041155955790426246 0.06026885400836933
0 0.49682443794343734 0.18666947818212995 0.02645740160736576 0.04223564924885831
0 0.5404232744462059 0.21998561956970655 0.029911423981738516 0.03703668202153654
0 0.47988312626559915 0.03985252945543787 0.040744200562695176 0.06316335583930095