0 0.08591527668971678 0.3177410448242388 0.05583424002269527 0.09199329094852532
0 0.25277174397035573 0.785076411782852 0.06204890120768852 0.08926936708309063
0 0.2528193277578238 0.6733993061934844 0.062032435987782825 0.09290561009854581
0 0.25164486958220667 0.546626611422038 0.054308243059907446 0.07310837202579645
0 0.33061193869123484 0.6026770720228907 0.050880981886498367 0.11663619610950227
0 0.4125358125979417 0.7822922335172764 0.05487800169499185 0.09188937160600597
0 0.4166419892354958 0.670978150426123 0.062331903500020436 0.09073835651282025
0 0.4101649938190397 0.20610002029501998 0.05425800778250828 0.09025758885891882
0 0.5737144162500287 0.7320759949854376 0.06328913508152034 0.09093912609820776
0 0.5768817100640484 0.6201113997569185 0.05599138193096731 0.09250318969203442
0 0.5754447441286619 0.5076082276726419 0.0582931107293192 0.09305276646960764
0 0.6827499284284204 0.767819708261734 0.06685261812561027 0.09342691858551089
0 0.6759056965906414 0.5453131703048305 0.05336561582150812 0.09380773009464966
0 0.6735913085778524 0.43221627967928167 0.054350756513760534 0.09322225418640179
0 0.6793956074146388 0.3180125371127531 0.06186340374518473 0.09091640337613743