0 0.15500672620252026 0.28869407817596726 0.08596273495883235 0.12567753491217643
0 0.28255960172111444 0.21499300471879215 0.1505526732457941 0.27228483523982233
0 0.4420009936825273 0.25544111430151945 0.09277600159427163 0.12430394652252766
0 0.512832970947615 0.27517189946382536 0.052221222454260696 0.10062700432776045
0 0.5867204452711967 0.29736903277141963 0.06444321068823655 0.10161354358587574
0 0.7078292377715034 0.2978623024004773 0.08333173795892657 0.09470776877906867
0 0.8014385567453641 0.2875036401902666 0.08055401336029577 0.1154250931994899
0 0.7893642449297562 0.8103003413923547 0.0814927660104886 0.0872654675933151
0 0.8726998121816881 0.803391825207884 0.061426708048107015 0.08944710428314795
0 0.412230101756633 0.8181003938536937 0.07944520907555169 0.1098090467215882
0 0.3530557063369566 0.8079194226344735 0.035627490667902106 0.0909015287430367
0 0.303914339898471 0.8086466348644179 0.042179672859700146 0.06472188846504201
0 0.24944932542914947 0.8221000611183873 0.046274786729573913 0.0829021942136492
0 0.1714374062080536 0.8304630017627468 0.06306475359605648 0.12144444240069685
0 0.08769232756913443 0.8490069136263262 0.08968299375023617 0.13671589922952698