0 0.10427174805879613 0.3409078815234199 0.14221949944990142 0.2170386367853656
0 0.23871361863253102 0.35422616150797637 0.10666462458742604 0.19632131236494427
0 0.38232198038174786 0.298486693424462 0.16833011067703174 0.3334502692429707
0 0.5234303899921969 0.3675444414925329 0.112775618704414 0.2091463227204432
0 0.6181491716420837 0.3924496981415334 0.0749405838186904 0.1672588128871872
0 0.2107065676191061 0.6497646621251281 0.03783894690211895 0.056609131028970916
0 0.25839400755054376 0.6522959647321146 0.04354070602435606 0.06351268359347961
0 0.3142453298615481 0.6587392804589893 0.05468505339963764 0.07087647299562205
0 0.3621919406621782 0.6748475697761762 0.03498806734100046 0.05706936786660488
0 0.4150627979774677 0.6651825961858642 0.03291470038745958 0.04418273641285542
0 0.44668164401896426 0.6688644908869353 0.022547865619755803 0.061671736242943975
0 0.477004635714498 0.660350109390708 0.028767966480378104 0.0455634469257572
0 0.5217116106502208 0.6649524777670471 0.056499249483985825 0.06029102573004219
0 0.5770445912228399 0.6955582274697021 0.058313445568334066 0.11505920940847747
0 0.652463314157885 0.7056834378976481 0.07904711510374174 0.1261048935116913
0 0.7357867486033046 0.7224820824712859 0.0777512607577786 0.14773602488048498
0 0.816907230660587 0.7365193060191202 0.07775126075777883 0.1592419458213329
0 0.8789786538322135 0.7022316616153939 0.03654309255615573 0.0851438149622733