0 0.07394950123605706 0.6956858323821118 0.03742650181547866 0.08640080330321365
0 0.22117566170874287 0.6810838483270626 0.028468849654960743 0.06212546204325231
0 0.39154020109730725 0.7400109872820022 0.0351968378775353 0.05840185231461115
0 0.5167936285558276 0.7512575746516218 0.03682124630710376 0.07411663318706796
0 0.5586233063505475 0.713705147170174 0.035522764069573665 0.07115196785958533
0 0.6658872140436595 0.494731672009714 0.03709949250086009 0.07164607874749912
0 0.8141160500226428 0.5175841904880276 0.04037284344776104 0.08314839990554795
0 0.5773088403858166 0.4865310531472935 0.039858718733218446 0.07248102096197728
0 0.4355418713840158 0.39526010711695037 0.04029321259283464 0.08710784752009787
0 0.5274259826646606 0.28598547238291205 0.040994939213450654 0.06950493156653953
0 0.25026594818471665 0.45813527825583605 0.03812446904513048 0.06725473453454667
0 0.20603904762576164 0.4561243393494875 0.03774699905458467 0.0668078592220247
0 0.161630566964808 0.4448655234715152 0.03750613267040545 0.07310837202579673
0 0.0678665449359961 0.43985702747085337 0.03933764233371612 0.07650218426683952
0 0.11142462258081942 0.4483415580734603 0.03678945497606646 0.07537091351982522