0 0.23933943888782439 0.4634400094879801 0.10434793469287373 0.21664085931237176
0 0.33446867052157914 0.34292916539113005 0.07414196383643928 0.15116097962644048
0 0.40606080260794886 0.25759638388482714 0.05413537983829908 0.11006190224887188
0 0.45784249044891406 0.1976892669841256 0.04785881796372926 0.11424148430265624
0 0.5380648614426835 0.0984245785147483 0.041974535594631046 0.08568111322699215
0 0.5872966726400674 0.07369547770190378 0.04707425895278572 0.058513936169256216
0 0.6402552289264554 0.07230229032721708 0.044720551990948154 0.057120755437810936
0 0.6908600483219978 0.08135801158430142 0.04550514093089919 0.055727534846917115
0 0.7432301853501784 0.0799648242096147 0.04354371347453312 0.05433435411547183
0 0.7914812828193791 0.07822333833044598 0.043543653616517464 0.050851382357134364
0 0.8362018048813196 0.1405685115463146 0.03805168068189879 0.0752321846654968
0 0.5714133600753923 0.2842706957288553 0.045339717874660956 0.059163552404885855
0 0.5978615233761009 0.2412703785394146 0.046713640778241694 0.054284094059830534
0 0.6213042196791815 0.28869271666939633 0.04928976096313353 0.06129833397183421
0 0.6493839336253497 0.25057186073340104 0.045339717874660956 0.060688398043214714
0 0.7011639454108279 0.25285911755733403 0.04207662968656645 0.0524542920907522
0 0.7314762955402867 0.28625297877169853 0.04327881386505272 0.05580893388137931
0 0.751999387656874 0.248589583507338 0.045167979149566495 0.05611389602890893
0 0.7848019886086772 0.28228841268601224 0.044481011146363714 0.058248654328736826
0 0.5718164718472896 0.6200328268089403 0.1278850641692667 0.201315751688128
0 0.6145755963818716 0.47862417209178965 0.0761033912928053 0.15116099291292345
0 0.688717545253807 0.4901179762370068 0.06668853351644655 0.1114551095532828
0 0.7636440980301975 0.5047464536360794 0.04864337697467236 0.05990710361421869
0 0.7832319167761796 0.5424164247389939 0.04808757678464726 0.05580892224781908
0 0.8007940123373118 0.9412590582765024 0.04825112739820858 0.057120768724293725
0 0.7664690318509054 0.7615377075743979 0.07139594744012223 0.11702784576554681
0 0.7074300833716912 0.7590996379727479 0.04589739050736319 0.06060371390966568
0 0.6527062543461768 0.7653689844804588 0.06355026754366566 0.10797212450846239
0 0.6054358257116473 0.9399793537492124 0.051389423299997405 0.12004129250157525
0 0.5491428487352386 0.938586173017767 0.05413537983829919 0.12282765396446593
0 0.48049290272692974 0.9382378678700436 0.05099711386551797 0.12352426425991281
0 0.41262750076506033 0.9389344648790077 0.05570452778919355 0.12213107024198466