0 0.13763215659366837 0.24224730797976707 0.05990846707053647 0.13498759195309237
0 0.19435964354132595 0.3193830671206565 0.06414975772174006 0.1396909849426939
0 0.2476815161826146 0.41049785339891576 0.054076674223417165 0.11194091678399282
0 0.35928090418269476 0.40908683334898954 0.0673307378446189 0.12322907718340237
0 0.4616652039244307 0.3935438187932622 0.11562431132224471 0.2057458581712166
0 0.5892766302348642 0.37561674889552266 0.11429142579419871 0.20811074391582657
0 0.6992363305949023 0.3788684769433886 0.0703075456501836 0.12474818988343261
0 0.9110703468655394 0.3463497206915585 0.0678608931087813 0.14956812529217722
0 0.4792103875591651 0.7473412494786471 0.13583732199111215 0.27745218041706565
0 0.6150477095502773 0.7155790233931606 0.12320129203845054 0.2587684777658654
0 0.8298567983542717 0.6762174685958208 0.12439873260988277 0.26011167599868745
0 0.9345695490236949 0.6409165987677118 0.06827267953776006 0.1746463692318112