0 0.20312622764100863 0.42567883828120046 0.12121619286021737 0.21385447127651552
0 0.30570888959475606 0.5301679910313253 0.04001310813826486 0.08289471190465303
0 0.33965181717753334 0.3197518491963559 0.05976598042779524 0.057333756252587686
0 0.23762396658889662 0.27614661001340984 0.10709392116018313 0.2173374430348528
0 0.31806162797228205 0.14513627192620285 0.06511938556555219 0.16230647862393416
0 0.4216250036542125 0.2280310104038215 0.06198108966376342 0.1386222600380529
0 0.4772951011625919 0.288829677704408 0.06943451998375605 0.15394736766229664
0 0.3910628702502161 0.6057602754147184 0.07571109682282973 0.176934975952731
0 0.41526201051109224 0.6773890868316506 0.02730687658041825 0.068922492362117
0 0.4468624207329968 0.6633606244579835 0.023872049667229223 0.0518443677956929
0 0.47965701329585864 0.5659502015598616 0.06198111959277114 0.14558823012769362
0 0.40244959250563783 0.4995736280449846 0.04173313913355259 0.09331983643841468
0 0.4006500262184539 0.38226166423774655 0.05220936514962671 0.058248654328736715
0 0.4562083521944287 0.41702787838311484 0.06268559116570094 0.11863207859086156
0 0.21658332405757968 0.7955321179137474 0.03962079870378529 0.08080493416424361
0 0.26993414488493545 0.8376760708750379 0.04040535771472864 0.07732196240590605
0 0.4947137583205947 0.7237829050065883 0.06943451998375588 0.14628481385017478
0 0.5814088459061737 0.7917008675806523 0.09218709044920559 0.16369969921482785
0 0.5713532247344277 0.6027636621756742 0.09375623840009994 0.2236067895425637
0 0.6733474674299676 0.631324013321614 0.08434138062374119 0.18320430917395913
0 0.7822066912582848 0.7466103864944749 0.04550514093089919 0.09055726571677492
0 0.35741727014777097 0.44170910961076093 0.09218709044920559 0.1267801773180779
0 0.5485823994865583 0.4147617975536978 0.11297820352928128 0.2277863583098652
0 0.7058889129125758 0.47014104053937417 0.10356339064643438 0.1643962563643434
0 0.8408351353786153 0.5443283496211492 0.19614277556561532 0.2876934884970495