0 0.31170179194278214 0.48383448139301 0.04472055199094821 0.08150151788672494
0 0.3630911703492679 0.473037260970274 0.04315140404005369 0.0780185727013531
0 0.4146767184374973 0.4622400538340209 0.04197453559463088 0.07453560094301565
0 0.46626226652572667 0.4524877355679725 0.04315140404005374 0.07871518299679997
0 0.5179867347324547 0.44117982213347845 0.04173315223637747 0.07807149639072863
0 0.5701102370709467 0.4263889282154769 0.040874432405255234 0.0863056081599714
0 0.6217498037655678 0.41433480295682984 0.039672261329593894 0.08539071008382226
0 0.6726711153741614 0.4027460639389103 0.04087444550808017 0.07258209630027374
0 0.6866836686871762 0.6064018794576778 0.04259184586184994 0.08051122847164638
0 0.16054316564328172 0.5328210045981253 0.042837753837890125 0.08041872761786512
0 0.20227543305900358 0.5151681098849135 0.03896854503463307 0.08434162303877857