0 0.06928265396042362 0.7848134066323058 0.12765892228407474 0.26235655275287106
0 0.20461341045322556 0.7869906308540506 0.1282727139727893 0.24929310775660696
0 0.34209224119145665 0.7771930969397505 0.13072765596756558 0.21881189390283395
0 0.47926424632285625 0.7755601725443296 0.11906648482730647 0.23514113785704183
0 0.055919563479819155 0.30118687960083806 0.07807358662816928 0.15501637734098897
0 0.255263315400025 0.28527685570797545 0.12245476648322037 0.23701462962203118
0 0.41817608188099065 0.291873287227206 0.12165491917672722 0.21501744539765089
0 0.6192470791136163 0.27558646008055426 0.12078500041367013 0.24566204719670034
0 0.7807938842058411 0.27400759696534643 0.12299444820896888 0.23912843332512165
0 0.8003253065025973 0.7524700448590823 0.10254441228774447 0.18524584327786253
0 0.9357305560434923 0.7545375045220124 0.10207834399653348 0.2026125927785556