0 0.23322742511422634 0.8033170202738626 0.05651257140425839 0.09817365104247944
0 0.3841183955266198 0.6258562207159164 0.10055829724672705 0.1804128403524926
0 0.3707721664463551 0.4352708556792375 0.10029912637753446 0.16936715624927884
0 0.3586092139696167 0.23604733838047776 0.1137760115755494 0.1854754455664657
0 0.3388492065713373 0.0627705972384913 0.09612654498156653 0.12526047091362108
0 0.9062362746814976 0.08338561373740788 0.05119974301887564 0.07938602127928797
0 0.9135232898321258 0.18167184609908393 0.050274528374145255 0.0782743226784181
0 0.9201529689094142 0.2810340309260593 0.05090205148011284 0.08030082069197236
0 0.9265861194946137 0.37925026520650584 0.0506602365087111 0.08137436107555496
0 0.9541068258887386 0.41763694600065887 0.04401032479515721 0.08201848530570444
0 0.9409279099473316 0.47303162979351693 0.0377231355387061 0.07128308146987916
0 0.958459495373974 0.5157585370601012 0.039657655309921824 0.06527125532181721
0 0.9409279099473318 0.5723341152749 0.049813884108804274 0.07750961569465786
0 0.7904617741663634 0.4954738977495238 0.11351684070635715 0.17581047197615401
0 0.6664646177973488 0.5643486291618988 0.0940790255169125 0.15509981428262803
0 0.6315607764666871 0.327729313227701 0.08837726639467536 0.1652250247105741