0 0.21005741796130575 0.3620984458413763 0.03935502635032989 0.07090460874944943
0 0.31676021671639787 0.49059857128866896 0.03738254527060919 0.06519866782570183
0 0.41643002177109056 0.621647296736608 0.0361072814573416 0.06920832624348183
0 0.4764510129025763 0.677087819028025 0.05107516424127678 0.10613145356612452
0 0.5291991637448858 0.7419117311593222 0.049760806884978415 0.10631470949343347
0 0.5827092949957677 0.8074864557064514 0.049501636015785944 0.09941115692892466
0 0.6551572090921964 0.8311732587478876 0.041208168201622764 0.07593907820959545
0 0.7160623633524565 0.8175962720376873 0.03809811777131167 0.06535363094401558
0 0.902565041158222 0.704978567891729 0.04665075645466743 0.09250760436441618
0 0.7954123201545942 0.5751324580590671 0.049671392480999055 0.0936347943294169
0 0.538577572841072 0.23956441040774873 0.03894015132355133 0.06124723341202318
0 0.9482433164414371 0.39850619262313414 0.04527738468460307 0.09295628132702988
0 0.726898523003405 0.12615229410669934 0.04623260377077609 0.08515338179957853