0 0.13210026141128337 0.5150198282600047 0.0954161531680594 0.2021649999245131
0 0.24253386151834805 0.40038011864196155 0.0724996933027533 0.15330854007591965
0 0.3989805681190262 0.2729053380815974 0.09157855996137265 0.1914239229677229
0 0.5425490397251364 0.2648587572488834 0.05723659997585795 0.10418204657092883
0 0.6005010972006924 0.3237258486040017 0.10922651162059549 0.1710957187587612
0 0.715212782985641 0.36777029105675213 0.050558996645341026 0.11011110613187602
0 0.779603957958481 0.4029211441680818 0.06105237330758173 0.12451025077989059
0 0.8730904045857155 0.4655997738123804 0.07726940996740816 0.10757008060575574
0 0.854250023760329 0.5795224182334369 0.07583849496801165 0.10672307209704901
0 0.7505086863040866 0.6930215584001397 0.059144486641719674 0.13382734437566457
0 0.7347686213107257 0.7628997603684455 0.04769716664654822 0.06013760411817837
0 0.6842096246653846 0.7921215539188282 0.0486511099794793 0.06098461262688504
0 0.6377048871850001 0.8281194155388646 0.044358364981289755 0.06183162113559204
0 0.6145717613614242 0.7972036049710687 0.04292744998189346 0.06098461262688526
0 0.6448594621819823 0.6256843819579541 0.07870032496680457 0.15330854007591965
0 0.5561427322194026 0.6629527563410504 0.062483288306978135 0.13975640393661182
0 0.5637742788828504 0.5685113076202492 0.07488455163508068 0.103335038062222
0 0.43165312727191185 0.5591942140244751 0.06916089163749489 0.145685463497559