0 0.043681156136738925 0.9342798432749215 0.06895118493970762 0.13138134188143946
0 0.6024861301052069 0.8624392443766794 0.06517648503424911 0.11305945406804141
0 0.6276224139562931 0.6778752517825481 0.059646118060059705 0.11320672408708188
0 0.6927641817147613 0.7072829755109167 0.03693076597330491 0.08353875501598462
0 0.7709489580907855 0.6859428574071449 0.05788751015656901 0.12049359368349177
0 0.7940623179095083 0.5756106223449702 0.044038658348426685 0.05941083231408095
0 0.7787853414669339 0.4720963405324261 0.05786474876014214 0.10578765549803187
0 0.6187182217036293 0.34152188472794365 0.035037576167682105 0.06872469788111601
0 0.581233043175527 0.386490492731681 0.03505902041331277 0.062257971877137
0 0.43347932222756147 0.130470430626084 0.07493399618201285 0.10700012146362532
0 0.44844854530090583 0.24858743120921356 0.05828978580623484 0.08583516792970672
0 0.6751286086637733 0.34527749716089257 0.06557273037177169 0.12354228666861744
0 0.7455512442684078 0.3604039788419745 0.049371130054461365 0.08823911826711206
0 0.2845602948562461 0.5721153083851999 0.06215672510988257 0.12020945906839198